<?xml version="1.0"?>
<opencv_storage>
<Dictionary type_id="opencv-matrix">
  <rows>10</rows>
  <cols>120</cols>
  <dt>d</dt>
  <data>
    248. 76. 129. 246. 251. 249. 234. 63. 40. 242. 86. 15. 209. 201.
    223. 223. 216. 74. 69. 198. 39. 148. 242. 239. 197. 217. 240. 139.
    47. 60. 23. 172. 140. 115. 160. 159. 148. 189. 44. 39. 16. 85. 110.
    58. 153. 64. 51. 61. 76. 17. 2. 162. 193. 162. 176. 191. 170. 191.
    101. 5. 18. 198. 216. 228. 236. 250. 221. 229. 150. 28. 5. 165. 193.
    167. 88. 93. 167. 210. 163. 20. 6. 160. 130. 149. 108. 107. 168.
    170. 127. 17. 35. 71. 139. 126. 142. 171. 165. 173. 71. 30. 66. 34.
    99. 132. 171. 202. 178. 96. 21. 42. 79. 14. 18. 94. 123. 126. 93.
    32. 48. 38. 248. 76. 129. 246. 251. 249. 234. 63. 40. 242. 86. 15.
    209. 201. 223. 223. 216. 74. 69. 198. 39. 148. 242. 239. 197. 217.
    240. 139. 47. 60. 23. 172. 140. 115. 160. 159. 148. 189. 44. 39. 16.
    85. 110. 58. 153. 64. 51. 61. 76. 17. 2. 162. 193. 162. 176. 191.
    170. 191. 101. 5. 18. 198. 216. 228. 236. 250. 221. 229. 150. 28. 5.
    165. 193. 167. 88. 93. 167. 210. 163. 20. 6. 160. 130. 149. 108.
    107. 168. 170. 127. 17. 35. 71. 139. 126. 142. 171. 165. 173. 71.
    30. 66. 34. 99. 132. 171. 202. 178. 96. 21. 42. 79. 14. 18. 94. 123.
    126. 93. 32. 48. 38. 248. 76. 129. 246. 251. 249. 234. 63. 40. 242.
    86. 15. 209. 201. 223. 223. 216. 74. 69. 198. 39. 148. 242. 239.
    197. 217. 240. 139. 47. 60. 23. 172. 140. 115. 160. 159. 148. 189.
    44. 39. 16. 85. 110. 58. 153. 64. 51. 61. 76. 17. 2. 162. 193. 162.
    176. 191. 170. 191. 101. 5. 18. 198. 216. 228. 236. 250. 221. 229.
    150. 28. 5. 165. 193. 167. 88. 93. 167. 210. 163. 20. 6. 160. 130.
    149. 108. 107. 168. 170. 127. 17. 35. 71. 139. 126. 142. 171. 165.
    173. 71. 30. 66. 34. 99. 132. 171. 202. 178. 96. 21. 42. 79. 14. 18.
    94. 123. 126. 93. 32. 48. 38. 248. 76. 129. 246. 251. 249. 234. 63.
    40. 242. 86. 15. 209. 201. 223. 223. 216. 74. 69. 198. 39. 148. 242.
    239. 197. 217. 240. 139. 47. 60. 23. 172. 140. 115. 160. 159. 148.
    189. 44. 39. 16. 85. 110. 58. 153. 64. 51. 61. 76. 17. 2. 162. 193.
    162. 176. 191. 170. 191. 101. 5. 18. 198. 216. 228. 236. 250. 221.
    229. 150. 28. 5. 165. 193. 167. 88. 93. 167. 210. 163. 20. 6. 160.
    130. 149. 108. 107. 168. 170. 127. 17. 35. 71. 139. 126. 142. 171.
    165. 173. 71. 30. 66. 34. 99. 132. 171. 202. 178. 96. 21. 42. 79.
    14. 18. 94. 123. 126. 93. 32. 48. 38. 248. 76. 129. 246. 251. 249.
    234. 63. 40. 242. 86. 15. 209. 201. 223. 223. 216. 74. 69. 198. 39.
    148. 242. 239. 197. 217. 240. 139. 47. 60. 23. 172. 140. 115. 160.
    159. 148. 189. 44. 39. 16. 85. 110. 58. 153. 64. 51. 61. 76. 17. 2.
    162. 193. 162. 176. 191. 170. 191. 101. 5. 18. 198. 216. 228. 236.
    250. 221. 229. 150. 28. 5. 165. 193. 167. 88. 93. 167. 210. 163. 20.
    6. 160. 130. 149. 108. 107. 168. 170. 127. 17. 35. 71. 139. 126.
    142. 171. 165. 173. 71. 30. 66. 34. 99. 132. 171. 202. 178. 96. 21.
    42. 79. 14. 18. 94. 123. 126. 93. 32. 48. 38. 248. 76. 129. 246.
    251. 249. 234. 63. 40. 242. 86. 15. 209. 201. 223. 223. 216. 74. 69.
    198. 39. 148. 242. 239. 197. 217. 240. 139. 47. 60. 23. 172. 140.
    115. 160. 159. 148. 189. 44. 39. 16. 85. 110. 58. 153. 64. 51. 61.
    76. 17. 2. 162. 193. 162. 176. 191. 170. 191. 101. 5. 18. 198. 216.
    228. 236. 250. 221. 229. 150. 28. 5. 165. 193. 167. 88. 93. 167.
    210. 163. 20. 6. 160. 130. 149. 108. 107. 168. 170. 127. 17. 35. 71.
    139. 126. 142. 171. 165. 173. 71. 30. 66. 34. 99. 132. 171. 202.
    178. 96. 21. 42. 79. 14. 18. 94. 123. 126. 93. 32. 48. 38. 248. 76.
    129. 246. 251. 249. 234. 63. 40. 242. 86. 15. 209. 201. 223. 223.
    216. 74. 69. 198. 39. 148. 242. 239. 197. 217. 240. 139. 47. 60. 23.
    172. 140. 115. 160. 159. 148. 189. 44. 39. 16. 85. 110. 58. 153. 64.
    51. 61. 76. 17. 2. 162. 193. 162. 176. 191. 170. 191. 101. 5. 18.
    198. 216. 228. 236. 250. 221. 229. 150. 28. 5. 165. 193. 167. 88.
    93. 167. 210. 163. 20. 6. 160. 130. 149. 108. 107. 168. 170. 127.
    17. 35. 71. 139. 126. 142. 171. 165. 173. 71. 30. 66. 34. 99. 132.
    171. 202. 178. 96. 21. 42. 79. 14. 18. 94. 123. 126. 93. 32. 48. 38.
    248. 76. 129. 246. 251. 249. 234. 63. 40. 242. 86. 15. 209. 201.
    223. 223. 216. 74. 69. 198. 39. 148. 242. 239. 197. 217. 240. 139.
    47. 60. 23. 172. 140. 115. 160. 159. 148. 189. 44. 39. 16. 85. 110.
    58. 153. 64. 51. 61. 76. 17. 2. 162. 193. 162. 176. 191. 170. 191.
    101. 5. 18. 198. 216. 228. 236. 250. 221. 229. 150. 28. 5. 165. 193.
    167. 88. 93. 167. 210. 163. 20. 6. 160. 130. 149. 108. 107. 168.
    170. 127. 17. 35. 71. 139. 126. 142. 171. 165. 173. 71. 30. 66. 34.
    99. 132. 171. 202. 178. 96. 21. 42. 79. 14. 18. 94. 123. 126. 93.
    32. 48. 38. 248. 76. 129. 246. 251. 249. 234. 63. 40. 242. 86. 15.
    209. 201. 223. 223. 216. 74. 69. 198. 39. 148. 242. 239. 197. 217.
    240. 139. 47. 60. 23. 172. 140. 115. 160. 159. 148. 189. 44. 39. 16.
    85. 110. 58. 153. 64. 51. 61. 76. 17. 2. 162. 193. 162. 176. 191.
    170. 191. 101. 5. 18. 198. 216. 228. 236. 250. 221. 229. 150. 28. 5.
    165. 193. 167. 88. 93. 167. 210. 163. 20. 6. 160. 130. 149. 108.
    107. 168. 170. 127. 17. 35. 71. 139. 126. 142. 171. 165. 173. 71.
    30. 66. 34. 99. 132. 171. 202. 178. 96. 21. 42. 79. 14. 18. 94. 123.
    126. 93. 32. 48. 38. 248. 76. 129. 246. 251. 249. 234. 63. 40. 242.
    86. 15. 209. 201. 223. 223. 216. 74. 69. 198. 39. 148. 242. 239.
    197. 217. 240. 139. 47. 60. 23. 172. 140. 115. 160. 159. 148. 189.
    44. 39. 16. 85. 110. 58. 153. 64. 51. 61. 76. 17. 2. 162. 193. 162.
    176. 191. 170. 191. 101. 5. 18. 198. 216. 228. 236. 250. 221. 229.
    150. 28. 5. 165. 193. 167. 88. 93. 167. 210. 163. 20. 6. 160. 130.
    149. 108. 107. 168. 170. 127. 17. 35. 71. 139. 126. 142. 171. 165.
    173. 71. 30. 66. 34. 99. 132. 171. 202. 178. 96. 21. 42. 79. 14. 18.
    94. 123. 126. 93. 32. 48. 38.</data></Dictionary>
<Labels type_id="opencv-matrix">
  <rows>1</rows>
  <cols>10</cols>
  <dt>i</dt>
  <data>
    9 11 12 16 17 18 19 24 25 26</data></Labels>
</opencv_storage>
