<?xml version="1.0"?>
<opencv_storage>
<Dictionary type_id="opencv-matrix">
  <rows>10</rows>
  <cols>120</cols>
  <dt>d</dt>
  <data>
    242. 17. 72. 188. 181. 197. 141. 36. 6. 4. 11. 71. 169. 199. 168.
    207. 230. 222. 35. 1. 17. 132. 210. 248. 246. 248. 240. 228. 137.
    12. 21. 138. 125. 102. 117. 110. 43. 83. 161. 14. 18. 85. 153. 70.
    116. 62. 58. 95. 98. 15. 178. 150. 120. 83. 161. 145. 108. 152. 198.
    23. 30. 155. 156. 210. 249. 215. 222. 158. 160. 30. 153. 102. 177.
    170. 50. 47. 174. 163. 106. 133. 160. 82. 166. 234. 147. 179. 219.
    147. 91. 240. 142. 94. 124. 58. 28. 20. 49. 119. 81. 154. 220. 223.
    66. 101. 34. 47. 109. 60. 98. 188. 231. 183. 51. 73. 158. 171. 107.
    44. 179. 156. 3. 3. 22. 55. 42. 38. 45. 42. 36. 248. 6. 17. 81. 65.
    80. 161. 98. 99. 17. 158. 6. 38. 192. 251. 247. 244. 245. 221. 14.
    17. 1. 47. 161. 78. 143. 97. 142. 167. 85. 31. 6. 17. 117. 81. 25.
    94. 17. 110. 86. 247. 185. 116. 116. 144. 44. 28. 158. 198. 213.
    204. 55. 177. 161. 152. 215. 243. 163. 190. 167. 206. 235. 125. 163.
    186. 11. 32. 143. 177. 139. 218. 218. 131. 173. 187. 211. 169. 141.
    179. 163. 224. 236. 143. 150. 95. 96. 106. 156. 175. 124. 234. 182.
    194. 90. 120. 145. 141. 122. 94. 205. 211. 204. 217. 90. 68. 80. 96.
    78. 67. 226. 229. 18. 58. 66. 45. 43. 33. 58. 28. 56. 56. 34. 48.
    74. 12. 31. 18. 20. 37. 1. 18. 22. 76. 200. 62. 199. 97. 66. 61. 40.
    11. 24. 173. 121. 73. 106. 100. 71. 75. 111. 39. 53. 178. 55. 35.
    36. 95. 41. 49. 7. 75. 78. 214. 229. 181. 219. 242. 186. 227. 233.
    178. 236. 213. 248. 238. 249. 252. 236. 231. 230. 159. 229. 165.
    209. 187. 87. 88. 215. 182. 179. 90. 221. 151. 171. 196. 114. 154.
    175. 198. 163. 152. 213. 139. 159. 108. 197. 211. 151. 179. 146.
    224. 242. 101. 114. 113. 101. 135. 121. 116. 103. 229. 239. 243. 69.
    97. 100. 102. 108. 78. 140. 245. 29. 15. 58. 53. 61. 53. 25. 54. 63.
    47. 31. 14. 59. 76. 73. 38. 45. 36. 15. 34. 33. 36. 56. 94. 41. 155.
    90. 125. 31. 10. 2. 15. 80. 85. 130. 95. 232. 110. 169. 2. 0. 143.
    44. 48. 7. 123. 51. 192. 116. 19. 69. 144. 211. 184. 237. 71. 167.
    202. 224. 33. 107. 182. 203. 174. 253. 242. 192. 228. 196. 157. 183.
    179. 179. 134. 40. 74. 215. 173. 201. 215. 218. 162. 128. 197. 207.
    224. 204. 192. 181. 225. 246. 224. 145. 64. 30. 96. 161. 163. 141.
    252. 232. 231. 97. 148. 112. 87. 178. 113. 103. 246. 236. 242. 83.
    102. 184. 196. 188. 97. 129. 241. 17. 21. 6. 21. 7. 23. 41. 13. 1.
    49. 13. 49. 105. 122. 115. 166. 186. 178. 71. 7. 29. 89. 216. 224.
    212. 217. 247. 235. 130. 8. 23. 162. 61. 114. 169. 177. 63. 87. 166.
    22. 17. 145. 90. 96. 105. 110. 107. 141. 146. 36. 26. 218. 125. 124.
    216. 226. 118. 91. 201. 32. 61. 200. 231. 228. 220. 254. 239. 249.
    209. 39. 65. 159. 222. 161. 48. 58. 172. 209. 173. 188. 179. 149.
    157. 172. 206. 209. 131. 138. 150. 230. 232. 119. 116. 67. 118. 136.
    114. 129. 135. 238. 246. 73. 95. 118. 107. 112. 124. 97. 91. 208.
    249. 97. 60. 113. 117. 128. 140. 65. 213. 223. 107. 45. 64. 73. 63.
    67. 59. 36. 31. 24. 30. 31. 86. 87. 55. 65. 53. 26. 17. 2. 26. 14.
    95. 124. 95. 52. 31. 16. 16. 2. 35. 19. 164. 90. 90. 85. 67. 68. 10.
    7. 136. 172. 41. 27. 116. 113. 95. 79. 92. 49. 69. 229. 218. 107.
    203. 189. 124. 206. 251. 103. 255. 195. 211. 217. 227. 225. 166.
    180. 217. 104. 245. 190. 203. 169. 85. 85. 158. 206. 191. 134. 210.
    239. 175. 229. 219. 231. 233. 167. 183. 237. 244. 251. 123. 51. 85.
    85. 23. 163. 159. 253. 250. 225. 135. 147. 107. 118. 204. 116. 138.
    232. 183. 210. 186. 135. 113. 119. 164. 136. 142. 189. 242. 19. 162.
    232. 234. 250. 228. 185. 18. 240. 215. 57. 226. 213. 243. 226. 216.
    216. 50. 8. 10. 85. 203. 247. 206. 216. 222. 215. 104. 9. 8. 109.
    56. 20. 109. 92. 14. 51. 85. 5. 7. 147. 132. 102. 100. 90. 91. 74.
    164. 8. 17. 174. 89. 39. 138. 204. 84. 187. 225. 40. 56. 138. 200.
    196. 215. 252. 214. 153. 143. 44. 143. 87. 132. 155. 184. 194. 133.
    122. 110. 193. 237. 79. 104. 109. 25. 32. 147. 125. 100. 188. 196.
    137. 77. 94. 121. 152. 76. 90. 88. 162. 151. 227. 60. 37. 63. 94.
    80. 56. 238. 240. 185. 197. 67. 43. 51. 42. 79. 51. 227. 230. 130.
    113. 118. 90. 89. 71. 90. 99. 125. 109. 81. 104. 90. 44. 62. 72. 36.
    95. 102. 80. 66. 65. 33. 55. 89. 184. 96. 147. 46. 63. 54. 32. 95.
    139. 202. 180. 137. 153. 68. 72. 28. 171. 44. 53. 193. 194. 80. 143.
    12. 83. 5. 199. 180. 144. 13. 121. 219. 244. 219. 4. 5. 15. 243.
    216. 247. 237. 209. 243. 241. 5. 5. 220. 225. 156. 146. 147. 161.
    212. 206. 5. 4. 156. 146. 207. 224. 234. 211. 141. 152. 19. 18. 195.
    183. 95. 155. 178. 132. 187. 187. 34. 19. 131. 185. 235. 137. 149.
    214. 190. 110. 57. 50. 9. 126. 230. 252. 246. 227. 136. 29. 53. 253.
    15. 198. 244. 247. 252. 250. 218. 70. 6. 150. 31. 243. 234. 220.
    220. 220. 202. 207. 12. 3. 205. 253. 240. 191. 200. 203. 159. 182.
    4. 8. 219. 220. 173. 110. 112. 140. 176. 183. 20. 6. 181. 24. 15.
    54. 104. 143. 189. 167. 31. 31. 231. 226. 138. 52. 89. 61. 58. 99.
    44. 36. 212. 210. 42. 253. 172. 198. 214. 195. 11. 132. 126. 93. 75.
    44. 82. 45. 199. 145. 36. 75. 73. 49. 193. 144. 135. 50. 71. 74. 60.
    162. 109. 82. 45. 246. 66. 39. 57. 88. 181. 153. 104. 105. 49. 141.
    72. 110. 76. 86. 163. 183. 76. 117. 196. 153. 157. 89. 69. 169. 166.
    248. 76. 129. 246. 251. 249. 234. 63. 40. 242. 86. 15. 209. 201.
    223. 223. 216. 74. 69. 198. 39. 148. 242. 239. 197. 217. 240. 139.
    47. 60. 23. 172. 140. 115. 160. 159. 148. 189. 44. 39. 16. 85. 110.
    58. 153. 64. 51. 61. 76. 17. 2. 162. 193. 162. 176. 191. 170. 191.
    101. 5. 18. 198. 216. 228. 236. 250. 221. 229. 150. 28. 5. 165. 193.
    167. 88. 93. 167. 210. 163. 20. 6. 160. 130. 149. 108. 107. 168.
    170. 127. 17. 35. 71. 139. 126. 142. 171. 165. 173. 71. 30. 66. 34.
    99. 132. 171. 202. 178. 96. 21. 42. 79. 14. 18. 94. 123. 126. 93.
    32. 48. 38.</data></Dictionary>
<Labels type_id="opencv-matrix">
  <rows>1</rows>
  <cols>10</cols>
  <dt>i</dt>
  <data>
    9 11 12 16 17 18 19 24 25 26</data></Labels>
</opencv_storage>
